
[CoordSys]
Datum=8.00000000
System=1.00000000
Zone=-1.00000000

[Options]
LabelBKMode=1
LabelCol=1
