
[CoordSys]
Datum=8.00000000
System=4.00000000
Zone=1.00000000
